1 0.769 0.39925925925925926 0.4619947916666666 0.7985185185185185
1 0.5326458333333333 0.46375 0.13180208333333335 0.44082407407407403
1 0.430953125 0.34574074074074074 0.2885677083333333 0.5351851851851852
1 0.3967916666666667 0.42753703703703705 0.06732291666666666 0.3408333333333334
1 0.410046875 0.44633333333333336 0.07691145833333332 0.32328703703703704
1 0.18580208333333334 0.7077685185185185 0.32433333333333336 0.5844537037037038
1 0.3269322916666667 0.4390648148148148 0.050234375000000005 0.2536203703703704
1 0.2305625 0.3970925925925926 0.03652604166666666 0.1872037037037037
1 0.251640625 0.41488888888888886 0.034984375 0.1776851851851852
1 0.16293229166666665 0.4210277777777778 0.032364583333333335 0.19397222222222224
1 0.17886458333333335 0.41175 0.045625 0.1664074074074074