1 0.8884375 0.48266166822867856 0.070625 0.10871602624179943
1 0.783125 0.5398313027179007 0.19125 0.41237113402061853
1 0.24 0.6059044048734771 0.48 0.788191190253046
1 0.54625 0.5688847235238987 0.19625 0.4498594189315839
1 0.62259375 0.48452671040299905 0.016237500000000002 0.06928772258669166
1 0.55125625 0.4794376757263355 0.01588125 0.06629803186504217
1 0.56905625 0.4816869728209935 0.0154375 0.06419868791002811
1 0.5818625000000001 0.4782099343955014 0.0138 0.06515463917525773
1 0.548275 0.49872539831302715 0.0178375 0.07323336457357076
1 0.49963124999999997 0.49405810684161194 0.0224375 0.08497656982193065
1 0.514875 0.49135895032802246 0.014325000000000001 0.07958762886597938
1 0.45549999999999996 0.49048734770384256 0.02040625 0.08970946579194002
1 0.3932875 0.4899812558575445 0.013774999999999999 0.0715651358950328
1 0.40806875 0.4896251171508903 0.016968749999999998 0.07347703842549204
1 0.42305624999999997 0.4883036551077788 0.011775 0.049756326148078726
1 0.1980875 0.4888566073102156 0.013993750000000001 0.03387066541705717