3 0.41481158909971033 0.5709834690760971 0.0725099501774853 0.22482439894183326
3 0.5006945253973795 0.5624059524061977 0.08294396397248338 0.12206606076054402
3 0.628291246541439 0.5143834274013485 0.13075895979613214 0.24204359197431097
3 0.747180144997493 0.5759750184575756 0.09352679990733286 0.11280263106398572
3 0.8749678390997102 0.5334212434527265 0.16599954454985522 0.3142533028846362
3 0.9821602578893665 0.585510288751319 0.03567948422126719 0.15615414727484342
3 0.6092659719466677 0.687517909523501 0.09528027286549072 0.11839892682162034
3 0.7259822459932848 0.7093295234585455 0.06511905771188112 0.0801018303053814
3 0.9369023878259167 0.7140496190567005 0.06443701143274509 0.060570580305381407
3 0.3119147675928312 0.6083715119587938 0.07170636360966362 0.11257949045710233
3 0.3357466263931714 0.7074946671095448 0.04867560217691826 0.05538887272903601