3 0.4324000061646379 0.6306586822027572 0.0789119517257296 0.22406556671196204
3 0.5182373766149887 0.6351055176041527 0.0863158366740496 0.12114266250491763
3 0.6447405174234049 0.6066195207062458 0.13752548812292426 0.24060821052744608
3 0.7657026619324491 0.685853188659045 0.09660249460132916 0.11175123701054979
3 0.8925562561646381 0.6628359417611381 0.17479375308231865 0.3124339340443427
3 0.9907494201088969 0.7328038703575992 0.018501159782206143 0.15549588317182242
3 0.6307047031100057 0.7759651004076581 0.0985154480251019 0.1173292476542116
3 0.748332294102992 0.8153003880386265 0.0673062183831675 0.07937042574646966
3 0.9598903577980824 0.8518709446111299 0.06605459901255059 0.059839175746469665
3 0.3303461528331504 0.6522990993992519 0.07482762415097852 0.11178408799928548
3 0.35711700878553165 0.7545007377668543 0.05017927513842757 0.05484031930985189