1 0.7196337890625 0.6458528645833334 0.489501953125 0.7083007812500001
1 0.369267578125 0.701796875 0.4167333984375 0.5963997395833334
1 0.1429150390625 0.7209570312500001 0.285830078125 0.51896484375
1 0.80544921875 0.3316341145833333 0.3891064453125 0.4888736979166666
1 0.8568115234375 0.1514453125 0.2863720703125 0.302890625
1 0.614404296875 0.13986979166666666 0.22984375 0.2797395833333333
1 0.480830078125 0.36694010416666667 0.27234375 0.33182942708333335
1 0.25390625 0.4358138020833333 0.2236376953125 0.28051432291666667
1 0.3918212890625 0.24366536458333332 0.2071875 0.23575520833333333
1 0.208818359375 0.32642578125 0.1739794921875 0.208359375
1 0.1040478515625 0.4578125 0.1959375 0.20488281249999998