0 0.039663461538461536 0.5697115384615384 0.05048076923076923 0.4717548076923077
0 0.12139423076923077 0.5721153846153846 0.046274038461538464 0.41225961538461536
0 0.17307692307692307 0.6766826923076923 0.07572115384615384 0.5324519230769231
0 0.21995192307692307 0.5805288461538461 0.055288461538461536 0.44471153846153844
0 0.25600961538461536 0.6334134615384616 0.05048076923076923 0.46935096153846156
0 0.28365384615384615 0.6850961538461539 0.05709134615384615 0.5198317307692307
0 0.3112980769230769 0.5625 0.06670673076923077 0.3936298076923077
0 0.359375 0.5709134615384616 0.05348557692307692 0.5048076923076923
0 0.5709134615384616 0.5600961538461539 0.078125 0.5498798076923077
0 0.7211538461538461 0.5600961538461539 0.09915865384615384 0.46634615384615385
0 0.7848557692307693 0.5769230769230769 0.0546875 0.49939903846153844
0 0.8389423076923077 0.5408653846153846 0.07451923076923077 0.4753605769230769
0 0.8810096153846154 0.59375 0.11899038461538461 0.6766826923076923
0 0.9182692307692307 0.48677884615384615 0.09435096153846154 0.5450721153846154
