0 0.47596153846153844 0.41466346153846156 0.08413461538461539 0.7770432692307693
0 0.765625 0.4795673076923077 0.08413461538461539 0.5030048076923077
0 0.9459134615384616 0.5360576923076923 0.0390625 0.3713942307692308
0 0.7199519230769231 0.5132211538461539 0.022235576923076924 0.10096153846153846
0 0.3293269230769231 0.4387019230769231 0.01201923076923077 0.1123798076923077
0 0.34375 0.43990384615384615 0.015625 0.10216346153846154
0 0.3858173076923077 0.45072115384615385 0.031850961538461536 0.09495192307692307
0 0.0985576923076923 0.39903846153846156 0.025240384615384616 0.0967548076923077
0 0.026442307692307692 0.3918269230769231 0.040865384615384616 0.10336538461538461
0 0.2403846153846154 0.3918269230769231 0.019230769230769232 0.0967548076923077
