0 0.039663461538461536 0.5697115384615384 0.054086538461538464 0.4717548076923077
0 0.12139423076923077 0.5721153846153846 0.046274038461538464 0.41225961538461536
0 0.17307692307692307 0.6766826923076923 0.06610576923076923 0.53125
0 0.21995192307692307 0.5805288461538461 0.055288461538461536 0.44471153846153844
0 0.25600961538461536 0.6334134615384616 0.055288461538461536 0.46935096153846156
0 0.28365384615384615 0.6850961538461539 0.05709134615384615 0.5198317307692307
0 0.3112980769230769 0.5625 0.049879807692307696 0.3936298076923077
0 0.359375 0.5709134615384616 0.0751201923076923 0.5048076923076923
0 0.5709134615384616 0.5600961538461539 0.06850961538461539 0.5486778846153846
0 0.7211538461538461 0.5600961538461539 0.08713942307692307 0.46634615384615385
0 0.7848557692307693 0.5769230769230769 0.0811298076923077 0.5006009615384616
0 0.8389423076923077 0.5408653846153846 0.057692307692307696 0.4765625
0 0.8810096153846154 0.59375 0.07211538461538461 0.6766826923076923
0 0.9182692307692307 0.48677884615384615 0.060697115384615384 0.5450721153846154
